,Volunteer,Relief,variable,value
0,1,2.4,A,1
1,2,2.7,A,1
2,3,2.3,A,1
3,4,2.5,A,1
4,1,4.6,A,1
5,2,4.2,A,1
6,3,4.9,A,1
7,4,4.7,A,1
8,1,4.8,A,1
9,2,4.5,A,1
10,3,4.4,A,1
11,4,4.6,A,1
12,1,5.8,A,2
13,2,5.2,A,2
14,3,5.5,A,2
15,4,5.3,A,2
16,1,8.9,A,2
17,2,9.1,A,2
18,3,8.7,A,2
19,4,9.0,A,2
20,1,9.1,A,2
21,2,9.3,A,2
22,3,8.7,A,2
23,4,9.4,A,2
24,1,6.1,A,3
25,2,5.7,A,3
26,3,5.9,A,3
27,4,6.2,A,3
28,1,9.9,A,3
29,2,10.5,A,3
30,3,10.6,A,3
31,4,10.1,A,3
32,1,13.5,A,3
33,2,13.0,A,3
34,3,13.3,A,3
35,4,13.2,A,3
36,1,2.4,B,1
37,2,2.7,B,1
38,3,2.3,B,1
39,4,2.5,B,1
40,1,4.6,B,2
41,2,4.2,B,2
42,3,4.9,B,2
43,4,4.7,B,2
44,1,4.8,B,3
45,2,4.5,B,3
46,3,4.4,B,3
47,4,4.6,B,3
48,1,5.8,B,1
49,2,5.2,B,1
50,3,5.5,B,1
51,4,5.3,B,1
52,1,8.9,B,2
53,2,9.1,B,2
54,3,8.7,B,2
55,4,9.0,B,2
56,1,9.1,B,3
57,2,9.3,B,3
58,3,8.7,B,3
59,4,9.4,B,3
60,1,6.1,B,1
61,2,5.7,B,1
62,3,5.9,B,1
63,4,6.2,B,1
64,1,9.9,B,2
65,2,10.5,B,2
66,3,10.6,B,2
67,4,10.1,B,2
68,1,13.5,B,3
69,2,13.0,B,3
70,3,13.3,B,3
71,4,13.2,B,3
